1 0.0022698
2 0.0058319
3 0.0035889
4 0.0088662
5 0.0053642
6 0.0116163
7 0.0029163
8 0.00698
9 0.0039503
10 0.0117379
11 0.0063161
12 0.0133432
13 0.0029502
14 0.0094055
15 0.0059376
16 0.0129175
17 0.0068661
18 0.0171801
19 0.0034968
20 0.0097301
21 0.0055858
22 0.018815
23 0.0081845
24 0.0176173
25 0.00404
26 0.0083097
27 0.0070943
28 0.0145629
29 0.0074027
30 0.0210175
31 0.0383892
32 0.0539438
33 0.0736876
34 0.0929984
35 0.0484693
36 0.061006
37 0.0885109
38 0.1269446
39 0.2132023
40 0.2820913
41 0.0644287
42 0.0996587
43 0.1519243
44 0.2414326
45 0.3970281
46 0.3436751
47 0.5794722
48 0.7877035
49 1.1537871
50 1.5243694
51 0.6190453
52 0.954705
53 1.3153109
54 1.771566
55 2.9666947
56 0.8997566
57 1.4416871
58 2.0501304
59 3.7507143
60 3.5575751
61 18.1784508
62 54.1749943
63 21.7236076
64 48.0116441
65 25.4115083
66 64.159179
67 21.2222324
68 73.9485503
69 23.1037265
70 77.968295
71 22.0096157
72 54.9288051
73 27.4152222
74 68.1805226
75 30.9489196
76 81.7689966
77 32.5983249
78 93.3112636
79 40.3520921
80 87.2569089
81 33.0149476
82 79.0839012
83 37.0067727
84 97.1306243
85 42.6562996
86 110.357246
87 45.8543247
88 129.3993715
89 63.1182219
90 137.9843987
