10.833494
11.062877
10.936915
10.9397173
10.9468518
10.8102472
10.6024439
10.6572524
10.6821399
10.9391435
10.8935185
10.7427042
10.7745896
10.5813429
10.4414309
10.8999293
10.8502899
10.8503071
10.8901513
10.6190828
10.6736914
10.7060135
10.9329673
10.6554527
10.7897103
10.7462188
10.7003246
10.7898987
10.7709447
10.6405767
10.8627083
11.2178575
11.6038143
12.2047221
13.061436
11.3023213
11.5701658
11.9275173
12.7927653
13.582263
11.3692249
11.8531106
12.3121738
13.0047419
14.3091753
11.0704808
11.1308215
11.624997
11.9522059
12.7449024
11.3134653
11.8196136
12.1338744
12.9764119
13.39741
11.5890691
11.9080482
12.7129741
13.3091574
14.5238388
15.1892545
15.2479812
16.2462605
16.3422047
17.194373
17.3763356
18.4628083
18.3665059
20.4227875
20.3037133
15.8669222
15.8998662
16.921636
16.9294163
18.0710557
18.1567109
19.1971228
19.1240539
21.2580839
21.495836
17.199874
17.1941238
18.4338417
18.5450963
19.6703999
19.7822573
21.132274
21.2069869
23.6115706
23.9086937
