1 0.7669804
2 0.6523227
3 0.3438216
4 0.3968426
5 0.4713315
6 0.6931739
7 0.6178837
8 0.9727248
9 0.5401018
10 0.9133529
11 0.7175254
12 1.2644136
13 0.8213752
14 1.2381304
15 0.7826495
16 1.7645086
17 1.1949945
18 2.4931968
19 1.2564363
20 1.8639294
21 2.2242337
22 2.8475785
23 1.5189782
24 4.1561194
25 1.1941268
26 3.1823664
27 1.6281615
28 4.6394904
29 3.7396134
30 4.3741391
31 7.4852488
32 21.4092432
33 67.134843
34 178.3154741
35 265.215597
36 10.3682097
37 29.682329
38 129.6473002
39 219.0398436
40 416.4090598
41 16.115339
42 38.0860802
43 124.441108
44 333.3670694
45 650.1111458
46 45.6422413
47 98.6533012
48 296.3850974
49 1242.2259125
50 1291.4013261
51 132.9452868
52 101.9938381
53 509.0894313
54 819.4229309
55 2225.566045
56 93.0158816
57 231.8768758
58 537.1395583
59 1705.2296978
60 2329.4399708
