1.3827263
1.2752559
1.5928702
1.4020908
1.7110857
1.6368276
1.4041317
1.4126415
1.7861785
1.4849465
1.7133042
1.6916232
1.6279531
1.57264
1.7632533
1.6328114
1.8260121
1.7615996
1.7062365
1.7174606
1.8024905
1.7894208
1.9550943
1.8552422
1.9290117
1.7444258
2.036599
1.9270143
2.0657145
2.0681056
2.116575
2.9553132
4.0350052
5.4185812
6.9616256
2.6397191
3.890261
5.3302944
7.4738319
9.4864216
2.8782007
4.3017616
5.9115936
7.9865005
12.0099448
2.2643759
3.0283127
3.9890001
5.1468226
6.6827401
2.7871374
3.8017947
5.5028822
7.4400594
9.1754679
3.2106661
4.735157
6.7357392
8.9618113
11.6320488
14.0248228
14.2880098
17.6143786
16.9268956
20.5262898
18.9140011
23.3137295
21.6623425
28.6537732
27.3458885
16.2746913
16.0783137
19.5240308
18.8875072
22.1993584
22.4856355
25.1377995
24.2797219
31.3259026
30.8125798
20.1922695
18.7667503
23.2972695
22.9635682
26.8468914
26.3805278
30.4093784
29.9226968
37.7248328
36.6073622
