10.8854919
11.0368758
11.0174324
10.8802779
11.107028
11.0691056
10.575411
10.6229991
10.6662653
10.8776885
10.8617871
10.7943332
10.764265
10.5583904
10.4568643
10.9109129
10.9062098
10.8205179
10.8703378
10.5966222
10.6905646
10.7044926
10.866774
10.6073785
10.792437
10.7813387
10.7240141
10.7308405
10.7927117
10.6051821
10.9079544
11.2661268
11.7647502
12.2656573
13.0464309
11.3268135
11.4673571
11.9435597
12.8082313
13.5883735
11.4409174
11.8696798
12.2997584
13.0064999
14.3041124
11.1038723
11.1593926
11.6470145
11.9428219
12.7859595
11.3527705
11.9563693
12.1292756
12.9763719
13.4208575
11.6112902
11.9584381
12.7222715
13.3335591
14.5869331
15.1954182
15.2552424
16.2846253
16.4130208
17.3024601
17.3796595
18.482144
18.3603622
20.4474577
20.4575399
15.8689293
16.0024525
17.0125322
17.040286
18.1750682
18.210394
19.2740871
19.2867019
21.6499013
21.746971
17.2565745
17.3024823
18.5502849
18.8289772
20.1157088
19.715315
21.0893779
21.074437
23.4446196
23.6785987
