1 0.2150111
2 0.138713
3 0.0891864
4 0.1153517
5 0.0789142
6 0.1060368
7 0.2999645
8 0.4034782
9 0.2154078
10 0.2145966
11 0.1623935
12 0.3178858
13 0.2771859
14 0.4219629
15 0.2574719
16 0.3324926
17 0.3609064
18 0.593879
19 0.2932475
20 0.4861588
21 0.4605436
22 0.7531126
23 0.2669502
24 1.1608298
25 0.1971977
26 0.4774837
27 0.2971127
28 0.769533
29 0.7051956
30 0.8248784
31 0.7693649
32 0.8805108
33 1.0643916
34 1.8487623
35 1.5582867
36 0.4713576
37 0.889673
38 2.1765713
39 1.9215332
40 3.2606909
41 0.3560636
42 0.6580109
43 1.9790155
44 2.9697598
45 4.2192341
46 1.0783185
47 2.7043319
48 4.9429694
49 13.357029
50 8.931137
51 0.9845062
52 1.2419803
53 4.1180335
54 4.6797609
55 10.7668536
56 1.5447575
57 1.7778485
58 2.7289933
59 15.7179487
60 7.7110207
61 611.6478353
62 1151.56756
63 1081.9362334
64 1603.4637684
65 1013.6229061
66 1778.8279053
67 1117.5992586
68 4939.7464841
69 2165.1170733
70 2357.9326626
71 815.099193
72 717.3885303
73 965.8805982
74 1178.461078
75 1065.3111236
76 1142.3735179
77 1612.8175697
78 2592.9868782
79 14437.854633199
80 2290.5487641
81 667.3495905
82 1344.935017901
83 1096.4566496
84 1755.8604595
85 1236.8126804
86 1775.363461401
87 1157.3959474
88 14434.6569488
89 8863.0898815
90 3108.4430478
