1 0.001562
2 0.0043575
3 0.0024441
4 0.0052449
5 0.0034452
6 0.0065664
7 0.0024329
8 0.0054915
9 0.0028923
10 0.007712
11 0.0043464
12 0.008426
13 0.0025687
14 0.0078448
15 0.0041411
16 0.0090536
17 0.0051671
18 0.011649
19 0.0035736
20 0.0098999
21 0.0056153
22 0.0142106
23 0.0065559
24 0.0129572
25 0.004415
26 0.0076236
27 0.0060597
28 0.0115962
29 0.006542
30 0.0183843
31 0.0212706
32 0.0315548
33 0.0494224
34 0.0753153
35 0.0420871
36 0.0283595
37 0.0397198
38 0.0631023
39 0.0796121
40 0.1265584
41 0.0277959
42 0.043521
43 0.0622713
44 0.0996006
45 0.164581
46 0.162393
47 0.2438713
48 0.3477801
49 0.5180997
50 0.6497045
51 0.2619302
52 0.3403017
53 0.4406416
54 0.5821735
55 0.783826
56 0.3244784
57 0.4610864
58 0.5403
59 0.7579977
60 0.917047
61 6.276793
62 12.7296363
63 8.5309859
64 14.151728
65 9.8745914
66 17.6648603
67 8.5154838
68 22.2597734
69 10.1648922
70 26.3707815
71 6.5299944
72 11.417547
73 8.4001491
74 13.7315687
75 9.2598143
76 16.7314672
77 11.0354471
78 25.0474036
79 16.2138687
80 22.4696501
81 7.6826001
82 14.362042
83 10.2525775
84 18.3785296
85 10.8567291
86 20.7141531
87 12.3223396
88 27.1296665
89 17.4172329
90 33.8693358
