7 0.0325387
8 0.0370417
9 0.010956
10 0.0308517
11 0.0206162
12 0.027927
13 0.0059008
14 0.0216317
15 0.0120247
16 0.0325908
17 0.0179609
18 0.0376026
19 0.0060493
20 0.016813
21 0.0098949
22 0.0275848
23 0.0082301
24 0.0194798
25 0.0044241
26 0.0091468
27 0.007242
28 0.015528
29 0.0080254
30 0.0251122
1 0.0025313
2 0.006921
3 0.0039952
4 0.0097175
5 0.0057088
6 0.011804
31 0.0426982
32 0.0604943
33 0.0846208
34 0.1072891
35 0.0556757
36 0.0869461
37 0.1030432
38 0.1530958
39 0.2062612
40 0.3050644
41 0.0725212
42 0.1134279
43 0.1731852
44 0.2520803
45 0.4355979
46 0.3540972
47 0.7339316
48 0.8663282
49 1.2245483
50 1.5067764
51 0.648577
52 1.0213678
53 1.3278282
54 1.8851432
55 2.812606
56 0.915271
57 1.4790146
58 2.0293599
59 3.9602915
60 3.5358922
61 18.262764
62 52.9442356
63 21.4100775
64 48.1210733
65 24.9847656
66 64.4101181
67 21.4684911
68 71.7648004
69 20.7038417
70 75.8139364
71 21.3391538
72 55.2549039
73 25.9831503
74 66.4795799
75 30.3897125
76 77.6353594
77 31.7339318
78 91.9328717
79 38.4889323
80 85.1074576
81 31.9501074
82 77.3293975
83 35.4127218
84 100.4392387
85 42.4304686
86 110.4862664
87 44.692809
88 130.9962839
89 67.2205121
90 137.5272227
91 162.790632499
92 183.9860629
93 178.0146453
94 172.613447101
95 162.815177001
96 181.3957125
