1.3295956
1.3137174
1.6209112
1.398455
1.6251946
1.7170117
1.4241874
1.3839725
1.7894036
1.5492581
1.6662693
1.7282969
1.654676
1.5845586
1.7975744
1.7501898
1.8202481
1.7306297
1.7162646
1.7163066
1.8771879
1.8344202
1.9588439
1.86533
1.9158176
1.7980728
2.0449346
1.9301586
2.0102442
2.1081997
2.1146793
3.0269513
3.9767997
5.3830217
7.043894
2.7320026
3.8353999
5.3679473
7.4584243
9.4820685
3.0050225
4.2522901
5.8767173
8.0356416
12.118711
2.2315987
2.9614249
3.9915559
5.1671549
6.6570067
2.7740553
3.8534502
5.414107
7.3457253
9.2908458
3.2331011
4.7417762
6.6200673
9.0774716
11.6781127
14.1493976
14.4381071
17.9734984
17.2211619
20.4830694
18.865502
23.4377064
21.6715895
29.0192896
27.1303649
16.6172058
16.2077727
19.2995571
19.0455313
22.4867104
22.655314
25.9111585
24.3773267
31.3109981
30.8950289
20.4062299
18.7669273
23.8266738
23.4630665
28.4782176
26.1479286
30.6978095
30.20164
37.5437385
36.8687911
