10.9161674
10.856723
10.8084893
10.830346
10.8562934
10.8677993
10.7642073
10.8119306
10.7702473
11.1088811
11.0860718
10.9783757
10.8118022
10.5703933
10.514536
10.9040385
10.8738918
10.8210022
10.8685062
10.629865
10.6870066
10.64107
10.9390878
10.6283955
10.7854971
10.6978266
10.7296913
10.7492783
10.8333534
10.6800436
10.8598078
11.2423375
11.678707
12.2949787
13.0948988
11.3634594
11.5277894
11.9697382
12.8551159
13.6869727
11.4631129
11.9299856
12.3445848
13.050722
14.4631897
11.1428377
11.2219365
11.6927117
12.0020942
12.8469307
11.3771813
11.87323
12.1523996
13.0168362
13.4842631
11.6368991
11.9700668
12.7661415
13.3791305
14.6265436
15.3270961
15.3665761
16.4306818
16.5761531
17.855673
17.8521798
18.4309478
18.3583723
20.4120509
20.3297259
15.8873763
15.9978055
17.0044718
17.0566259
18.1565182
18.2168569
19.1496694
19.2002697
21.4690583
21.6628155
17.2501185
17.1924302
18.5485198
18.7838607
20.2779192
20.3652066
21.1805026
21.2204364
24.0139334
23.9276128
