7 0.0029247
8 0.0065835
9 0.0037851
10 0.0125757
11 0.006266
12 0.0132936
13 0.0029689
14 0.0095652
15 0.0046762
16 0.0129173
17 0.0068747
18 0.0172571
19 0.0034827
20 0.0094229
21 0.0052764
22 0.0188202
23 0.008115
24 0.0182347
25 0.0042793
26 0.0084704
27 0.007066
28 0.0144637
29 0.0071398
30 0.0214592
1 0.0021355
2 0.0057156
3 0.0037001
4 0.0089
5 0.0053755
6 0.0112946
31 0.0381022
32 0.0539878
33 0.0827612
34 0.0930556
35 0.0464222
36 0.0603311
37 0.0892725
38 0.1351264
39 0.2119111
40 0.291359
41 0.0630731
42 0.0995908
43 0.1530617
44 0.2244353
45 0.3973284
46 0.3380297
47 0.5842135
48 0.8068473
49 1.1600461
50 1.55519
51 0.6347398
52 0.9536963
53 1.3083383
54 1.787767
55 2.8533917
56 0.901512
57 1.5012052
58 1.9734343
59 4.0544925
60 3.5419805
61 19.4480594
62 52.7069706
63 22.5803942
64 50.2087894
65 26.0771648
66 67.9706926
67 23.0829183
68 73.0717235
69 22.5694384
70 78.1932301
71 21.5093446
72 56.1465488
73 27.0415675
74 67.5243276
75 31.4820875
76 82.7177278
77 32.5878562
78 92.2708311
79 40.2230902
80 87.7811621
81 35.194421
82 80.8384964
83 36.1069134
84 97.1409482
85 41.3087475
86 110.4442085
87 45.4468281
88 127.8663572
89 62.9766326
90 138.4471465
91 169.8187906
92 190.952196701
93 193.126611501
94 179.1146027
95 169.3807967
96 178.4106799
