7 0.0028945
8 0.0066769
9 0.0039183
10 0.0113972
11 0.0062313
12 0.0128966
13 0.002804
14 0.0089333
15 0.0044751
16 0.0128277
17 0.0067744
18 0.0172415
19 0.003477
20 0.0096546
21 0.0054897
22 0.0184481
23 0.0081215
24 0.0183314
25 0.0042171
26 0.0083118
27 0.0070854
28 0.0143463
29 0.0074678
30 0.0214797
1 0.002312
2 0.0057877
3 0.0036762
4 0.0101575
5 0.0055289
6 0.0115709
31 0.0379945
32 0.0540317
33 0.0762913
34 0.0923903
35 0.0468837
36 0.0635462
37 0.0886516
38 0.130122
39 0.2162067
40 0.2814062
41 0.0627902
42 0.1013931
43 0.1563353
44 0.2427966
45 0.4189677
46 0.3594102
47 0.5904279
48 0.8185087
49 1.1806133
50 1.5152329
51 0.6222154
52 0.9532272
53 1.3228393
54 1.854941
55 3.0683166
56 0.9118833
57 1.5629566
58 1.9833909
59 3.8890621
60 3.7396428
61 18.3636764
62 53.2705597
63 21.8592766
64 47.5592272
65 25.1990295
66 63.6288224
67 20.7242583
68 69.7775606
69 22.7427748
70 76.706374
71 22.8459326
72 59.4449933
73 26.1343389
74 67.3481808
75 29.5743436
76 79.7470102
77 31.7302174
78 94.5566277
79 40.5798562
80 87.9650921
81 32.1992349
82 78.5298238
83 37.2453281
84 99.9222442
85 42.0774627
86 110.7827267
87 45.2094038
88 131.698142
89 63.5664869
90 140.2958065
91 165.631949399
92 188.238640899
93 188.632449499
94 173.352824001
95 173.086405999
96 186.6749096
