10.9181242
11.1344957
10.7149637
10.8374224
10.9647167
10.7170738
10.6708762
10.6064756
10.7911155
10.9441969
10.8976305
10.7462431
10.7761111
10.5841368
10.4509316
10.9215015
10.8201896
10.7899222
10.8894221
10.6382142
10.64732
10.6904617
10.8071626
10.6326967
10.8190652
10.7490039
10.6763
10.7373326
10.781622
10.662531
10.9029248
11.2171255
11.7485462
12.2440105
13.0471761
11.3041309
11.4928288
11.9521973
12.8059802
13.6288822
11.4025007
11.8719741
12.3245233
13.0538726
14.331085
11.1458218
11.1866444
11.6417074
11.9651821
12.7568507
11.3326654
11.8637189
12.1459416
12.9757849
13.4516169
11.6726076
11.9290096
12.7097901
13.3389806
14.5255674
15.2335572
15.3147309
16.344562
16.4362726
17.3212375
17.400944
18.3724555
18.37744
20.5952163
20.5831543
15.9614624
16.1507585
17.4769978
17.136182
18.1928826
18.3370043
19.1880258
19.2301174
21.4069616
21.8763879
17.3343573
17.1737578
18.4272773
18.5616852
19.7349765
19.8719793
21.2992146
21.9134529
23.512507
23.7045639
