1 0.0017514
2 0.0042019
3 0.0023855
4 0.0053725
5 0.0037019
6 0.0069941
7 0.0026949
8 0.0058424
9 0.0029863
10 0.0079567
11 0.0046958
12 0.0091837
13 0.0030838
14 0.0086113
15 0.0043783
16 0.0099123
17 0.0054045
18 0.0124701
19 0.003778
20 0.0100114
21 0.0058423
22 0.0158107
23 0.0079056
24 0.0143348
25 0.0054774
26 0.0080513
27 0.0066084
28 0.0131022
29 0.006675
30 0.0186171
31 0.02432
32 0.0368971
33 0.056686
34 0.0862873
35 0.0502992
36 0.0298159
37 0.0463339
38 0.0808239
39 0.1082905
40 0.1921773
41 0.0312925
42 0.0490046
43 0.0806836
44 0.1184603
45 0.204371
46 0.1777046
47 0.287103
48 0.4238719
49 0.6859489
50 0.8509058
51 0.2804044
52 0.3909196
53 0.4997768
54 0.7075306
55 0.921273
56 0.346445
57 0.4919185
58 0.6154586
59 0.9632805
60 1.0816118
61 7.9485701
62 15.8020791
63 11.0471132
64 17.9069098
65 13.4546877
66 22.4320908
67 11.7483574
68 28.5588708
69 13.8686271
70 38.1826281
71 8.0033381
72 14.3793455
73 10.7447411
74 17.8037604
75 11.846551
76 20.9205506
77 13.992813
78 32.2293575
79 20.1253453
80 31.2614439
81 9.0173076
82 18.5223218
83 13.2147889
84 21.5817111
85 14.67529
86 24.4422619
87 16.6486012
88 32.8684939
89 23.6413898
90 44.0896947
