1.3282808
1.2985157
1.5617756
1.4243757
1.6408285
1.793287
1.4425478
1.3475303
1.7909613
1.5472857
1.7056831
1.7085707
1.6567323
1.586952
1.8294172
1.6624485
1.8322963
1.6975486
1.7451672
1.7482477
1.8289742
1.8322564
1.9367082
1.9558487
1.9551596
1.7538909
2.0296242
1.9205965
2.090788
2.1212825
2.1655995
3.0435674
4.0195372
5.4025864
7.0051351
2.7273339
3.9448798
5.329777
7.3804728
9.524364
2.9726631
4.2302316
5.9805917
8.1088313
12.095445
2.2004184
3.0296261
4.0353527
5.2125459
6.7874222
2.7037009
3.8675581
5.4348807
7.5398757
9.5626214
3.2276455
4.970733
6.7162566
9.36548
12.1454905
14.7550853
14.8330751
18.5898016
17.4113017
20.6458614
18.966725
23.0582214
21.8038855
28.7198391
27.0780779
16.123901
16.0203842
19.2846324
18.6795671
22.006415
22.0887766
24.9884465
24.1971574
31.3277338
30.6432514
20.3358446
18.7406046
23.4182193
23.1434833
26.662262
26.0698611
30.7593042
29.9290722
37.3424441
36.8299953
