1 0.2097458
2 0.1427049
3 0.0909744
4 0.1230088
5 0.0828138
6 0.104997
7 0.3101869
8 0.4047196
9 0.2162247
10 0.2182265
11 0.1624804
12 0.3176993
13 0.3035319
14 0.4952616
15 0.4220412
16 0.3089327
17 0.3575751
18 0.5900221
19 0.2877892
20 0.4922147
21 0.4816582
22 0.7313806
23 0.265052
24 1.1456374
25 0.1882587
26 0.4741574
27 0.3004528
28 0.7498884
29 0.7224468
30 0.8343737
31 0.7517952
32 0.9112595
33 1.0399952
34 1.8157491
35 1.4939752
36 0.4705232
37 0.8441598
38 2.1421502
39 1.883257
40 3.007708
41 0.3608389
42 0.6395263
43 1.9480674
44 2.9616775
45 3.8098316
46 1.082036
47 2.6295971
48 5.3854632
49 13.3832217
50 8.9168278
51 0.963951
52 1.3153413
53 4.1999091
54 4.6405519
55 10.6016658
56 1.648677
57 1.849227
58 2.8566208
59 15.6367319
60 7.5197346
61 632.9494591
62 1163.6471157
63 1112.1173315
64 1623.1706688
65 1082.5545718
66 1793.2979256
67 1121.3717429
68 4879.9145694
69 2063.4525658
70 2359.5639153
71 810.7961404
72 722.2614283
73 986.6732738
74 1077.1802985
75 1061.2612195
76 1126.2402751
77 1613.4761052
78 2606.8362608
79 2166.0481839
80 2200.3907879
81 667.699476
82 1407.7075128
83 1079.7291572
84 1755.0391887
85 1248.2436407
86 1769.642966
87 1142.7368317
88 14426.7861049
89 14417.9258934
90 3079.3064397
