1 0.0015541
2 0.0040173
3 0.0024153
4 0.0068398
5 0.0035292
6 0.0065488
7 0.0024844
8 0.00553
9 0.0028814
10 0.008497
11 0.0047737
12 0.0084609
13 0.0029774
14 0.008912
15 0.0043134
16 0.0096055
17 0.0054637
18 0.0119789
19 0.0033499
20 0.0093317
21 0.0054954
22 0.0154997
23 0.0066998
24 0.0139589
25 0.0045879
26 0.0076872
27 0.0072278
28 0.0125075
29 0.0065565
30 0.0182983
31 0.0234679
32 0.0374254
33 0.0519852
34 0.0957657
35 0.0502452
36 0.0293074
37 0.0468855
38 0.0767788
39 0.1056427
40 0.1758066
41 0.0315161
42 0.0479149
43 0.0779896
44 0.1215477
45 0.1918444
46 0.1754196
47 0.2801711
48 0.4258978
49 0.6711502
50 0.8780492
51 0.2841698
52 0.391651
53 0.4973746
54 0.7049602
55 0.9270744
56 0.3472195
57 0.4933238
58 0.612664
59 0.9816505
60 1.0589635
61 8.2395312
62 15.8719178
63 10.8846011
64 18.651541
65 13.6780847
66 21.8362411
67 11.6774755
68 28.053195
69 14.1290284
70 37.4037241
71 7.9815859
72 14.6236986
73 11.2218731
74 18.4168431
75 11.6635267
76 20.5424051
77 14.0365665
78 32.5623284
79 19.9239796
80 31.0943734
81 9.1782085
82 17.4818202
83 13.2824424
84 22.3528534
85 14.9986505
86 24.6893009
87 16.2231286
88 33.0843666
89 23.5997309
90 44.8820814
