1 0.0023095
2 0.0057978
3 0.0036929
4 0.00889
5 0.0054205
6 0.0115748
7 0.0028849
8 0.0068229
9 0.0039094
10 0.0111156
11 0.0060481
12 0.0134115
13 0.0027075
14 0.0088747
15 0.0044375
16 0.0147572
17 0.0068334
18 0.0172201
19 0.0034756
20 0.0095873
21 0.0054824
22 0.0185896
23 0.008121
24 0.0180532
25 0.0041106
26 0.0081929
27 0.0071168
28 0.0137633
29 0.0074262
30 0.0215702
31 0.037429
32 0.0550557
33 0.0745759
34 0.0916684
35 0.04729
36 0.0607289
37 0.0934149
38 0.1303144
39 0.2115556
40 0.2894507
41 0.0631058
42 0.0997787
43 0.1549386
44 0.2354084
45 0.4370053
46 0.3511992
47 0.5936502
48 0.8594579
49 1.253971
50 1.4959824
51 0.6712435
52 0.9529526
53 1.3592157
54 1.7830623
55 2.8427661
56 0.9360096
57 1.4432612
58 1.9823915
59 3.7762934
60 3.6511986
61 18.8751456
62 54.6685473
63 23.9061313
64 49.9953041
65 25.8756894
66 66.499255
67 22.096713
68 74.2683732
69 22.1925219
70 79.7325378
71 22.0007684
72 56.3941407
73 26.4252215
74 65.6949312
75 29.6341039
76 77.089959
77 30.8225139
78 90.4578091
79 39.45855
80 85.6879416
81 31.0853363
82 76.1279176
83 36.7860956
84 98.1253868
85 42.2711934
86 111.1168206
87 44.6533695
88 129.9965124
89 61.4858007
90 135.1275759
