10.8464815
11.0207076
10.8144149
11.0924451
10.991686
10.9292301
10.5859137
10.6553952
10.7563727
10.9557457
10.9205484
10.7613008
10.7919395
10.5819172
10.4528344
10.9619052
10.8406091
10.8046036
10.8396043
10.6758839
10.6717807
10.6501305
10.9379709
10.6303211
10.7626611
10.7629218
10.7462352
10.7104801
10.763362
10.6671949
10.8632282
11.2214059
11.6050324
12.2249729
13.0647617
11.3584955
11.4541015
11.9380976
12.8078809
13.587885
11.3727242
11.861323
12.3188042
12.9961251
14.2823608
11.1181444
11.1852766
11.6628319
11.9344103
12.730141
11.3314477
11.8339909
12.1019402
12.9834001
13.4071755
11.5894533
11.9265665
12.7221587
13.3234164
14.5061211
15.1821696
15.2148351
16.2438224
16.3410427
17.291572
17.4142631
18.4741691
18.3905011
20.369859
20.333645
15.878104
15.9013167
16.9714034
17.0336921
18.164285
18.2127185
19.1642641
19.158833
21.2340437
21.5382292
17.1961351
17.145678
18.4080528
18.4492769
19.7004028
19.878235
21.2475971
21.322777
24.2278463
23.6051436
