0.0205846
0.0214799
0.009933
0.0308136
0.0136115
0.0429257
0.0082135
0.0278635
0.0089736
0.0311904
0.014068
0.043519
0.0066548
0.0212709
0.0110061
0.0395866
0.018221
0.0503816
0.0078951
0.0239527
0.0121578
0.0746682
0.0102803
0.101892
0.007354
0.0699996
0.0074991
0.0763527
0.0212562
0.0578399
0.1584152
0.1009639
0.0634282
0.0622226
0.057757
0.1025628
0.1055571
0.2737884
0.1296722
0.1655681
0.1355364
0.1299955
0.1402175
0.1538213
0.1683851
2.0441289
2.1061136
2.1209108
4.4482669
2.3194837
3.9060939
3.9766296
4.0585425
4.1407655
4.1856373
6.1873711
6.1088201
6.1696171
6.3018288
6.3642725
37.220011
326.0859207
29.3086433
317.5470003
36.1423865
206.0298667
47.3554513
226.3335006
53.320785
237.4624235
57.5607441
93.4593889
41.5862522
132.1338327
40.9746091
72.893239
60.0076371
263.2347349
40.9588216
164.7522474
40.1135954
258.2272087
55.251413
247.136292
47.4188499
129.1160709
93.665977
213.5614059
36.6810417
201.2222216
