1 0.0015382
2 0.0040711
3 0.0025078
4 0.0055871
5 0.0035724
6 0.0066601
7 0.002506
8 0.0053303
9 0.0031316
10 0.0077629
11 0.0047017
12 0.0083312
13 0.0030918
14 0.0088885
15 0.0046553
16 0.0099012
17 0.0054535
18 0.0126237
19 0.0034131
20 0.0099553
21 0.005967
22 0.0170398
23 0.0071402
24 0.0154036
25 0.0051793
26 0.0076849
27 0.0071138
28 0.0124
29 0.006859
30 0.0192409
31 0.0244184
32 0.0373501
33 0.0548046
34 0.0866375
35 0.0520729
36 0.0303905
37 0.0466462
38 0.0794352
39 0.1058737
40 0.1748143
41 0.030886
42 0.046057
43 0.0817417
44 0.1238251
45 0.2097566
46 0.1765819
47 0.2797233
48 0.4196878
49 0.675317
50 0.8478594
51 0.2810414
52 0.3901639
53 0.4935936
54 0.6886333
55 0.922995
56 0.3470687
57 0.5024398
58 0.6197305
59 0.9797016
60 1.0683725
61 8.2038618
62 16.2424207
63 10.9571935
64 17.6801724
65 13.7295576
66 22.1807315
67 11.6872692
68 28.0869685
69 14.5133417
70 37.9342969
71 8.4469831
72 14.732776
73 10.9562872
74 18.5359428
75 11.5430205
76 21.2040661
77 13.9888329
78 31.6028997
79 20.6592773
80 30.7089182
81 9.5436554
82 17.7271488
83 13.1702184
84 21.0060433
85 14.5532487
86 24.9170464
87 16.5950975
88 32.7386633
89 23.8264912
90 45.4310465
