7 0.0029189
8 0.0066848
9 0.0039404
10 0.0129967
11 0.0064428
12 0.013897
13 0.0029507
14 0.0099134
15 0.0045306
16 0.0135451
17 0.0068376
18 0.0170387
19 0.0037072
20 0.0099277
21 0.005757
22 0.0191043
23 0.0083549
24 0.0181834
25 0.0043668
26 0.0083401
27 0.0068227
28 0.0138715
29 0.0072999
30 0.0220484
1 0.0022736
2 0.0058358
3 0.0037199
4 0.0089811
5 0.0054112
6 0.0113292
31 0.0388563
32 0.0549443
33 0.0728131
34 0.0944299
35 0.048304
36 0.0597956
37 0.0887955
38 0.1319158
39 0.2142472
40 0.2974611
41 0.0629674
42 0.0987406
43 0.1511442
44 0.2447697
45 0.3962602
46 0.3375923
47 0.5869852
48 0.7834708
49 1.1677225
50 1.4975985
51 0.6211885
52 0.9578106
53 1.3164538
54 1.9309038
55 2.7765986
56 0.905859
57 1.4374784
58 2.1046084
59 3.7259893
60 3.6485475
61 18.5765849
62 54.0238422
63 22.8883974
64 50.2633391
65 25.7789486
66 68.0643265
67 23.2385344
68 74.8911983
69 22.0830423
70 76.7964122
71 21.6523881
72 55.788476
73 26.4379017
74 67.2295458
75 29.107739
76 80.2328911
77 31.1200032
78 93.2485879
79 40.7279344
80 87.1648391
81 32.7126546
82 76.7052195
83 35.4757693
84 96.2374833
85 41.7070305
86 114.6353195
87 43.8324297
88 126.4197184
89 64.9534672
90 137.3504113
91 164.1135573
92 198.1811989
93 191.7422329
94 173.8045313
95 169.2538676
96 177.6476594
