7 0.0029004
8 0.0069473
9 0.0039551
10 0.0109555
11 0.0062441
12 0.0127425
13 0.0028103
14 0.0092843
15 0.0046566
16 0.013511
17 0.0068388
18 0.0172401
19 0.0034964
20 0.0097466
21 0.0055477
22 0.0185297
23 0.0082151
24 0.0183425
25 0.0042391
26 0.0084658
27 0.0066771
28 0.0145107
29 0.0074422
30 0.0209447
1 0.0022576
2 0.0058627
3 0.0037202
4 0.0089031
5 0.0054021
6 0.0116585
31 0.0375637
32 0.0569929
33 0.0753014
34 0.0976918
35 0.0468421
36 0.0596552
37 0.0891269
38 0.1467332
39 0.2144132
40 0.2982813
41 0.0629796
42 0.1007772
43 0.1500922
44 0.2426774
45 0.3939592
46 0.3364274
47 0.63918
48 0.794421
49 1.2022496
50 1.5210692
51 0.6221145
52 0.9557239
53 1.3101705
54 1.8100276
55 2.8931099
56 0.9432894
57 1.4291502
58 1.9739456
59 4.1281005
60 3.9047985
61 18.8864235
62 53.737251
63 21.7359085
64 49.7185068
65 25.5371519
66 64.429932
67 21.6781693
68 72.9359791
69 22.1492091
70 77.4362342
71 21.479269
72 56.3669729
73 26.4657173
74 68.2468259
75 30.1562334
76 80.2969747
77 32.7909187
78 93.0488474
79 40.119829
80 84.6939209
81 32.4443056
82 79.7678108
83 36.4859431
84 95.9338216
85 41.9524544
86 113.1173919
87 45.9523298
88 128.6448866
89 62.6544385
90 134.3106456
91 162.7450529
92 185.6991331
93 189.236763499
94 176.7495589
95 171.3969116
96 171.209399
