1 0.0016382
2 0.0041147
3 0.0024011
4 0.0053499
5 0.0033675
6 0.0076933
7 0.0024978
8 0.0048741
9 0.002896
10 0.0072659
11 0.0042917
12 0.0081611
13 0.0026508
14 0.0076983
15 0.0041014
16 0.0098047
17 0.0051362
18 0.0112662
19 0.0036727
20 0.0091746
21 0.0053976
22 0.0140262
23 0.0065384
24 0.012719
25 0.0047053
26 0.0075934
27 0.0060654
28 0.0119566
29 0.0062894
30 0.0174576
31 0.0219569
32 0.0344503
33 0.0475187
34 0.0713619
35 0.0403889
36 0.026912
37 0.0433891
38 0.0592311
39 0.0771698
40 0.1266996
41 0.0293825
42 0.0410063
43 0.0645121
44 0.0979676
45 0.1591359
46 0.160702
47 0.2422874
48 0.3443323
49 0.5421099
50 0.6415826
51 0.2571978
52 0.3329399
53 0.4369766
54 0.5832284
55 0.7675591
56 0.3257949
57 0.4559093
58 0.552217
59 0.7564695
60 0.9000385
61 6.3095706
62 13.0619468
63 8.4078434
64 14.2490985
65 9.5207678
66 17.337137
67 8.7210373
68 22.4132931
69 10.1421682
70 27.9645626
71 6.7209423
72 11.1219013
73 8.722096
74 13.6882553
75 9.1399882
76 16.1704215
77 11.0458589
78 24.8810264
79 16.1151471
80 22.5353575
81 7.7992244
82 14.5034398
83 10.1706457
84 18.042483
85 11.025768
86 20.516786
87 12.5368791
88 26.1586157
89 17.5402982
90 32.8513456
