1 0.0016253
2 0.0041458
3 0.0024024
4 0.0054353
5 0.0033855
6 0.0065397
7 0.0024653
8 0.0053329
9 0.0029268
10 0.0071927
11 0.0043296
12 0.0077971
13 0.0026233
14 0.007152
15 0.0053489
16 0.0085747
17 0.0049854
18 0.0101124
19 0.0037402
20 0.0083302
21 0.00563
22 0.0139796
23 0.006736
24 0.0123882
25 0.0047101
26 0.0070964
27 0.0060974
28 0.0116211
29 0.0063894
30 0.017953
31 0.0212452
32 0.0322492
33 0.054969
34 0.0754875
35 0.0472484
36 0.0262793
37 0.0402493
38 0.0628075
39 0.0827165
40 0.1345927
41 0.0290345
42 0.0432892
43 0.0650711
44 0.0976023
45 0.1531703
46 0.1664019
47 0.2537487
48 0.3515731
49 0.5231522
50 0.6305502
51 0.2610411
52 0.340156
53 0.4404701
54 0.5844965
55 0.7506272
56 0.3238037
57 0.4499479
58 0.5433228
59 0.7426689
60 0.9182086
61 6.1415469
62 12.6592434
63 8.6148
64 14.7567497
65 9.8364946
66 17.8977484
67 8.8916059
68 22.7728414
69 10.4833318
70 27.7165372
71 6.3837096
72 11.6046958
73 8.7521738
74 13.738753
75 8.9766755
76 15.9834621
77 10.6712504
78 24.5355821
79 16.1997686
80 22.8280255
81 7.6582967
82 14.5249466
83 10.0347148
84 17.3167073
85 11.1918034
86 20.6538541
87 12.5396403
88 26.1256838
89 17.6957168
90 33.6666708
