11.1723478
11.1200634
11.0071656
10.9833576
11.0908304
10.8519015
10.6072264
10.6545032
10.818693
10.9404935
10.8495064
10.8346294
10.8024208
10.5472461
10.4839567
10.9177679
10.8719956
10.8231618
10.8636195
10.6572606
10.7097843
10.6581951
10.9013311
10.6390078
10.7893725
10.7876293
10.7588579
10.7740585
10.7860077
10.6498257
10.8428388
11.2390889
11.6361547
12.2494323
13.1166611
11.3854083
11.4810977
11.9560596
12.7857189
13.5994165
11.408859
11.855594
12.3303799
12.9989178
14.3182737
11.1029203
11.1614483
11.6572098
11.9739392
12.7557317
11.3688113
11.8239487
12.1673059
13.0110219
13.4077528
11.6495056
11.9419085
12.6967993
13.3925751
14.564963
15.1991624
15.2311135
16.2860383
16.4206246
17.3331463
17.3645223
18.4195063
18.3223348
20.4248073
20.380783
15.8789059
16.0447171
17.0228264
17.0156652
18.1644046
18.1966721
19.2103164
19.2361476
21.4430176
22.0639773
17.2679794
17.1409615
18.5091566
18.7182469
20.3901288
19.6470159
21.0997257
21.1356205
23.4304937
23.5676919
