1.6028322
1.2945811
1.672863
1.4500066
1.6578818
1.680553
1.4366113
1.4542527
1.7786434
1.5430523
1.7276254
1.7274824
1.6471194
1.6231313
1.806634
1.663986
1.8465421
1.7150984
1.7626907
1.7295539
1.8553811
1.8362213
1.9424477
1.8795901
1.9479266
1.7489922
1.9822501
1.8735892
2.132067
2.1339942
2.1203841
3.0300524
4.0117301
5.3193814
7.1975714
3.0904369
3.9994215
5.2671817
7.5202993
9.4836607
2.8512351
4.2361323
5.932127
8.012301
12.1127017
2.2571129
2.9762782
4.0010523
5.1502971
6.6569543
2.8208607
3.8144895
5.411375
7.4249668
9.1348153
3.1638553
4.8390485
6.5497117
9.1525087
11.5285747
14.411623
14.416239
17.6990331
16.855373
20.5591499
18.9383817
23.1204985
21.7135446
29.2947683
27.3522352
16.1314801
16.0496588
19.2496312
18.7317558
22.1835062
22.1192277
25.1926402
24.3397917
31.3536877
30.8071257
20.1845716
18.6219345
23.3633059
22.7968895
26.9024129
25.8828751
30.3812095
29.7495778
37.5552228
36.6479622
