1 0.0015674
2 0.0039101
3 0.0025216
4 0.0056042
5 0.0036995
6 0.0075441
7 0.0026393
8 0.0058194
9 0.003045
10 0.0082476
11 0.0044022
12 0.0082475
13 0.0028075
14 0.0081454
15 0.0044244
16 0.0094711
17 0.0055721
18 0.0128861
19 0.0038891
20 0.0105055
21 0.0058513
22 0.0152928
23 0.0069336
24 0.0149734
25 0.0052492
26 0.0077419
27 0.0064459
28 0.011935
29 0.0065541
30 0.0200183
31 0.0230387
32 0.0370896
33 0.0557196
34 0.0898182
35 0.0536841
36 0.0300341
37 0.0470926
38 0.0731042
39 0.1022759
40 0.1730505
41 0.0315841
42 0.0462309
43 0.0812447
44 0.1208901
45 0.2019181
46 0.1729708
47 0.2841216
48 0.4282265
49 0.6890365
50 0.8694253
51 0.2857255
52 0.3893063
53 0.5048432
54 0.6874759
55 0.9091052
56 0.3492832
57 0.4960934
58 0.61292
59 0.9761094
60 1.0614049
61 7.9370714
62 16.2468519
63 11.1131283
64 17.8823692
65 13.5890551
66 22.9738533
67 11.3925193
68 27.7864218
69 14.3359726
70 36.9629448
71 8.2531323
72 14.4510083
73 11.3195447
74 17.7725711
75 11.9196456
76 21.035456
77 13.740206
78 31.6532334
79 20.8829297
80 30.6990745
81 9.4873896
82 17.6826969
83 13.1717314
84 21.9642064
85 14.9276096
86 24.6715075
87 15.7979339
88 32.8755266
89 23.4969786
90 44.803642
