10.8069362
10.7830044
10.8025269
10.7529837
10.9638796
10.6170771
10.8040889
10.6805992
10.8718755
11.0111608
11.0394241
10.896927
10.8313939
10.5781944
10.4641614
10.949857
10.8493056
10.8067587
10.8741577
10.7009476
10.7005212
10.6731235
10.8797315
10.6516933
10.7514997
10.740161
10.6923199
10.7950438
10.7813937
10.7193346
10.921655
11.2775875
11.6651783
12.2797267
13.136185
11.4064033
11.5246377
12.0208011
12.9226062
13.6889736
11.4651869
11.8916033
12.4073945
13.0992798
14.4731631
11.1450608
11.2480066
11.7524099
12.0740782
13.0592017
11.5201411
11.9408389
12.2636956
13.1818547
13.7472162
11.855851
12.0859134
12.9163246
13.5955684
14.7442504
15.3633777
15.4314263
16.4826945
16.4938621
17.3941026
17.587354
18.5482698
18.4959019
20.6748765
20.8760401
15.9884378
15.9692201
17.0301688
17.0620578
18.2167597
18.2474111
19.2589655
19.3237568
22.0122482
21.4524144
17.1483037
17.004327
18.3290558
18.5754681
19.6257573
19.7563219
21.0918709
21.1547395
23.4362176
23.5841016
