1 0.3542567
2 0.4717886
3 0.3014683
4 0.5219909
5 0.4176894
6 0.4528554
7 0.5119072
8 0.5664013
9 0.2731902
10 0.7131118
11 0.4305796
12 0.7369075
13 0.4309293
14 0.5717285
15 0.2782081
16 0.7216313
17 0.5832898
18 1.0329923
19 0.4683392
20 0.6545158
21 0.6835496
22 0.9961522
23 0.4592255
24 1.278526
25 0.3092732
26 0.8588586
27 0.4382316
28 1.18304
29 0.9796316
30 0.9711779
31 0.963576
32 1.1535892
33 1.5218269
34 2.2544935
35 2.6032464
36 0.9228913
37 1.3643799
38 2.5999466
39 2.8253863
40 4.1119385
41 0.9549951
42 1.7796683
43 2.700232
44 3.8391923
45 5.8283139
46 3.5373745
47 4.2383327
48 7.3478438
49 17.491686
50 11.4518328
51 7.1837257
52 5.2453951
53 10.1327414
54 12.5927901
55 18.0196861
56 4.1270629
57 10.915064
58 13.1418515
59 21.3792915
60 20.7074092
61 833.3947752
62 14408.0073902
63 1372.8137062
64 2022.3132686
65 1163.0485871
66 2183.550934
67 1428.3494712
68 5290.5945771
69 2528.2104526
70 2700.1113071
71 1014.887006
72 909.1269062
73 1203.5420652
74 1348.6712362
75 1297.8678033
76 1353.2770941
77 1862.3580712
78 3023.2812432
79 14407.545445
80 2752.7440107
81 832.6336384
82 2715.9674014
83 14411.7079528
84 2918.4954722
85 14421.3934518
86 14400.4132754
87 1345.8862575
88 14400.2978715
89 14405.6644695
90 3570.7886524
