1.316035
1.2822443
1.6385451
1.3765221
1.6330848
1.647647
1.4082179
1.4266825
1.750857
1.520611
1.7448626
1.6822329
1.6353976
1.6379347
1.7964766
1.6557503
1.7898583
1.7909822
1.7253568
1.7368717
1.7737121
1.7788702
1.9258681
1.8459366
1.9385237
1.7964203
2.0316997
1.9311223
2.0629138
2.1156145
2.1074285
2.9711326
4.0116805
5.3791664
6.9750639
2.6166391
3.9688344
5.3167066
7.3850119
9.3529335
2.9534286
4.2648772
5.8657356
8.0568685
11.913144
2.204719
2.9731392
3.9698005
5.1563176
6.6573491
2.7101216
3.8117593
5.45397
7.311897
9.14651
3.081404
4.8096827
6.6097301
8.9617922
11.6654624
14.3834855
14.1013155
17.7575259
16.8972709
20.4665196
18.6352532
23.2906142
21.7429286
28.6292946
27.1046346
16.1151497
16.1994486
19.1748182
19.021345
21.9361129
22.4068129
25.2299296
24.2083355
30.9819112
30.6067276
20.0100626
18.733736
23.4427116
23.1857739
27.1409372
25.9940908
30.6883876
30.2664908
37.8113875
36.7543192
