11.0122051
10.8925998
10.9423049
10.867402
10.9190197
10.7725925
10.7483793
10.7781111
10.8765401
11.0260856
11.0121327
10.9863682
10.8107721
10.6527521
10.5112124
10.9803051
10.9346119
10.8913478
10.926517
10.7201912
10.7396449
10.7270136
10.9456802
10.6839597
10.8509849
10.8105895
10.730597
10.8359623
10.850817
10.7915039
10.9911851
11.3445733
11.8463918
12.4553522
13.3164042
11.4563857
11.6054362
12.0542137
12.9373101
13.7179338
11.4552352
11.9741646
12.3971232
13.088056
14.4772625
11.1903599
11.2319398
11.7375974
12.0896929
12.9660796
11.4003735
11.9668708
12.2596485
13.1327813
13.6132816
11.6926572
12.0430178
12.8212131
13.5432037
14.7582928
15.478525
15.4678644
16.4496179
16.5712666
17.6900281
17.6012013
18.7595561
19.078645
20.6655219
20.48265
15.8929432
16.01902
17.0599159
17.1857007
18.2730758
18.4217321
19.8317619
19.1935992
21.2338327
21.4655986
17.1983247
17.1166215
18.384827
18.5296704
19.662662
19.7613833
21.1095984
21.1552686
23.6480184
24.1498937
