1 0.002251
2 0.0058581
3 0.0037121
4 0.0088303
5 0.005395
6 0.0116116
7 0.0029179
8 0.0069157
9 0.0039207
10 0.0113001
11 0.0061245
12 0.0133761
13 0.0027683
14 0.0091028
15 0.0045285
16 0.0133563
17 0.0064979
18 0.0166222
19 0.0033696
20 0.0097177
21 0.0055746
22 0.0188201
23 0.0081935
24 0.0196166
25 0.0042805
26 0.0084357
27 0.0069963
28 0.0137316
29 0.0073974
30 0.0209284
31 0.0371134
32 0.0547084
33 0.0744362
34 0.0907447
35 0.0472531
36 0.0626717
37 0.0888839
38 0.1301048
39 0.2266253
40 0.3058042
41 0.0689278
42 0.113447
43 0.1629262
44 0.2419711
45 0.3919776
46 0.3384166
47 0.6061019
48 0.8331895
49 1.2668867
50 1.530849
51 0.6233742
52 1.0111222
53 1.3097019
54 1.8424586
55 2.8935871
56 0.9693954
57 1.556907
58 2.0987207
59 3.8493467
60 3.6676456
61 18.6372053
62 54.9258186
63 21.8676838
64 48.4710138
65 25.8800615
66 64.9585643
67 21.9040099
68 71.0647032
69 21.7423081
70 80.2317879
71 22.2352456
72 56.785386
73 26.3607983
74 67.5602518
75 30.3972746
76 79.2715412
77 31.9774421
78 94.5898554
79 40.904374
80 87.5499845
81 32.7683493
82 80.5702584
83 37.1234928
84 95.1564594
85 42.4688638
86 112.6039255
87 46.0533308
88 124.6790263
89 61.9780415
90 135.091378
