1 0.3525125
2 0.4799464
3 0.3041438
4 0.5264908
5 0.4288274
6 0.4466369
7 0.3865359
8 0.5585908
9 0.2808924
10 0.7208829
11 0.4399426
12 0.7381906
13 0.4235964
14 0.6708861
15 0.3675567
16 0.7276009
17 0.5930862
18 1.0310737
19 0.4865867
20 0.6527127
21 0.6678162
22 0.9895293
23 0.4634563
24 1.2782412
25 0.2998477
26 0.8721265
27 0.4518871
28 1.1910008
29 0.9733406
30 0.9687495
31 0.9498927
32 1.1457693
33 1.5192302
34 2.2329967
35 2.5778854
36 0.90134
37 1.3301809
38 2.5866461
39 2.7986702
40 4.1293701
41 0.9398409
42 1.763041
43 2.6687463
44 3.7988749
45 5.8304475
46 3.4908746
47 4.2710072
48 7.3489349
49 17.5061954
50 11.3853061
51 7.2480524
52 5.3167375
53 10.1979697
54 12.6210159
55 18.1267743
56 4.1815152
57 10.9854879
58 13.1024013
59 21.4851683
60 20.7639631
61 827.0859283
62 14412.0349848
63 1376.1149078
64 2019.485582
65 1165.4502473
66 2180.1869493
67 1426.0654726
68 5291.3347622
69 2543.0729566
70 2690.2322417
71 1017.8704469
72 906.887124001
73 1201.6997587
74 1340.3734812
75 1299.6370859
76 1348.7682186
77 1860.7451107
78 2998.1649115
79 14407.4958915
80 2741.5972359
81 828.6165185
82 2708.3708928
83 14411.805877
84 2891.7570297
85 14406.4926289
86 14400.434055
87 1402.1250057
88 14400.3560407
89 14403.7427557
90 3606.3122773
