1.318559
1.2700786
1.5762086
1.4409036
1.6522905
1.6799343
1.4231168
1.4162805
1.7945079
1.5301276
1.7807358
1.7194917
1.6092646
1.6055869
1.7989479
1.6830372
1.832601
1.7740289
1.7244921
1.7356787
1.9130046
1.7584648
1.9265581
1.834909
1.8948698
1.7826575
2.0467356
1.9255211
1.9984886
2.1418275
2.1208624
3.0354823
4.0120556
5.4294158
7.0123041
2.6984646
3.9718473
5.3023324
7.4665306
9.4379444
2.954983
4.2760973
5.8636921
8.1127826
12.0625751
2.2015847
2.9907029
3.9475154
5.1740646
6.8199819
2.7578672
3.7872518
5.4043018
7.3712661
9.1949158
3.2362285
4.8424042
6.6781497
9.2567311
11.8914693
14.8429322
14.9329751
17.9016916
16.7933119
20.6826208
18.9091533
23.4556028
22.0334493
29.0982061
27.3577855
16.4180982
16.2376656
19.3887012
19.2561715
22.8997288
22.9081195
25.3912119
24.284439
31.5715384
31.5290126
20.2693878
18.9479381
23.4990517
23.3705586
27.4628024
26.9739138
30.4312184
30.5135524
38.7073956
37.0306776
