1 0.001645
2 0.0039158
3 0.0025165
4 0.0053234
5 0.0037167
6 0.0068416
7 0.0027146
8 0.005895
9 0.0030116
10 0.0085376
11 0.0047272
12 0.0092331
13 0.0029869
14 0.0097848
15 0.00448
16 0.0099619
17 0.0053287
18 0.0126368
19 0.0036133
20 0.0095948
21 0.0059007
22 0.0152491
23 0.007345
24 0.014024
25 0.0046741
26 0.0080763
27 0.0063854
28 0.0117358
29 0.007108
30 0.0199219
31 0.0236184
32 0.0361368
33 0.0560815
34 0.0868973
35 0.0547389
36 0.0292161
37 0.0489393
38 0.0728199
39 0.1064514
40 0.1807617
41 0.0308749
42 0.0483907
43 0.0814709
44 0.1264369
45 0.2022068
46 0.17782
47 0.2856373
48 0.4236982
49 0.6647069
50 0.846304
51 0.2860535
52 0.397116
53 0.5035947
54 0.701192
55 0.9126774
56 0.3510682
57 0.4974093
58 0.6218431
59 0.976081
60 1.057255
61 7.9699617
62 16.1101504
63 11.272584
64 18.3397279
65 13.9776263
66 21.5947562
67 11.7658374
68 28.5879793
69 14.155618
70 35.7514173
71 7.8792932
72 14.7059057
73 10.7945758
74 18.2174566
75 11.6729221
76 21.0698764
77 14.4578449
78 31.6446463
79 20.7839516
80 30.2276101
81 9.3373641
82 17.8456598
83 13.1002632
84 21.9596504
85 14.7155136
86 24.3178572
87 16.2981654
88 32.7822975
89 23.4364258
90 46.3427272
