11.0205539
10.8771931
10.7389774
10.89771
11.0822994
10.850943
10.5830172
10.6396895
10.751093
10.9234792
10.9460214
10.788333
10.8375841
10.6253263
10.4702367
10.9458288
10.8647386
10.8535415
10.9077982
10.6567034
10.6574544
10.6398229
10.9736973
10.6252658
10.8482604
10.7892743
10.7434393
10.7559318
10.7956228
10.6761104
10.8706318
11.2394751
11.6332157
12.2561376
13.0485039
11.3824881
11.4564222
11.9600248
12.8088831
13.6227385
11.4102117
11.8278809
12.3078551
13.013061
14.3878148
11.0954009
11.1651923
11.6263509
11.9199969
12.7836089
11.3452
11.8248087
12.1009084
12.9902658
13.395891
11.6315438
11.9474126
12.6897442
13.3247471
14.503332
15.2294087
15.2141657
16.2330436
16.3614694
17.3451716
17.4217135
18.4821414
18.3344798
20.4257913
20.3540227
15.8679346
15.9395093
17.0194372
17.0506509
18.1983092
18.1704133
19.1602878
19.2420723
21.3067346
21.6163821
17.2445047
17.1478689
18.4763546
18.6388258
19.9733275
20.2901179
21.0864443
21.1056657
23.5083523
23.613062
