1 0.0268007
2 0.0239514
3 0.0118132
4 0.0166187
5 0.0103247
6 0.0236883
7 0.0122379
8 0.0317881
9 0.0176787
10 0.0433592
11 0.0132508
12 0.0216779
13 0.0056526
14 0.0178637
15 0.0100248
16 0.0155528
17 0.009318
18 0.0204871
19 0.0057694
20 0.015639
21 0.0090139
22 0.0228045
23 0.0080777
24 0.0156577
25 0.0057958
26 0.0086361
27 0.0067915
28 0.0144913
29 0.0075451
30 0.0191962
31 0.027969
32 0.0398829
33 0.0627935
34 0.0892714
35 0.0523089
36 0.0306779
37 0.0535044
38 0.0880104
39 0.1245769
40 0.1861541
41 0.0353142
42 0.0489075
43 0.0873452
44 0.1267793
45 0.2110924
46 0.1822635
47 0.305534
48 0.4232144
49 0.7124645
50 0.8662126
51 0.2881814
52 0.4112429
53 0.5287407
54 0.7217388
55 0.9393831
56 0.3611225
57 0.5022206
58 0.6237768
59 0.976154
60 1.0831869
61 8.1450107
62 16.5014937
63 10.8674952
64 17.9148055
65 13.9803324
66 22.0235448
67 11.6342619
68 27.5991068
69 13.9470852
70 36.6611803
71 8.1855514
72 14.2465339
73 10.8913447
74 18.1947406
75 11.3331246
76 21.021824
77 13.8068159
78 31.1242206
79 20.2468834
80 31.0666487
81 9.4444806
82 17.8178483
83 12.8272642
84 21.7113464
85 14.7133582
86 24.7808529
87 16.0866298
88 32.4292293
89 23.7360214
90 44.6134824
