1 0.0037231
2 0.0058184
3 0.0037074
4 0.0088447
5 0.0054658
6 0.0116162
7 0.0029057
8 0.0068343
9 0.0039307
10 0.0112385
11 0.0062712
12 0.0133805
13 0.0028781
14 0.0087759
15 0.0043973
16 0.0135085
17 0.0068408
18 0.0171952
19 0.0034905
20 0.0096651
21 0.0054223
22 0.0179308
23 0.0081337
24 0.0187902
25 0.0042896
26 0.0085076
27 0.0070317
28 0.0139199
29 0.0074988
30 0.0212996
31 0.0386259
32 0.0525421
33 0.0739752
34 0.0920588
35 0.0476564
36 0.0649556
37 0.0939954
38 0.1312075
39 0.2192287
40 0.2840743
41 0.0662188
42 0.1049125
43 0.1567396
44 0.2331282
45 0.3888296
46 0.3470683
47 0.6580017
48 0.7956075
49 1.1674982
50 1.5379951
51 0.6210708
52 0.9548496
53 1.3690532
54 1.8008579
55 2.852401
56 0.9475762
57 1.4292668
58 1.9800468
59 3.8471096
60 3.5436697
61 18.5568764
62 52.8669381
63 21.5025809
64 48.4369631
65 25.63983
66 63.2047838
67 22.6123042
68 73.7601946
69 21.4839603
70 76.1344668
71 21.7735565
72 55.7951047
73 26.2103257
74 66.9930953
75 29.8467856
76 79.6067036
77 31.4034735
78 93.3954442
79 40.485002
80 86.4773728
81 32.6321616
82 83.2115718
83 37.4293569
84 98.8053692
85 41.6125141
86 111.1279634
87 47.2265838
88 128.9753312
89 63.0962709
90 139.6288007
