1.3874702
1.2528675
1.5827474
1.4053328
1.6248551
1.6517525
1.4218038
1.376025
1.7359172
1.5209956
1.7618484
1.6820326
1.6340763
1.6163879
1.8021472
1.6887903
1.8108869
1.7887749
1.7285997
1.7311017
1.8179992
1.8092452
1.955713
1.835799
1.9397789
1.8102655
2.0565428
1.8944198
2.0388333
2.1362251
2.0776602
3.0101831
4.0168026
5.3943537
6.9743364
2.7108705
4.0026879
5.2606688
7.4061627
9.4173874
2.8976413
4.2243356
5.9217527
8.1416808
11.9604662
2.2265997
2.9569961
3.9917264
5.1665067
6.6871765
2.8146057
3.863492
5.3319289
7.2112914
9.1596071
3.214539
4.8034681
6.6211067
9.0473956
11.5149626
14.3764019
14.3742054
17.8761997
16.9150589
20.706022
19.0094926
23.4230074
21.7102141
28.6150448
27.3946043
16.1467994
16.201469
19.2590874
18.719976
21.9529414
22.411158
25.3375494
24.1556618
31.2620763
30.7182767
20.3277611
18.6870166
23.5309371
23.1329594
26.5875056
25.942209
30.9076479
30.5981084
37.7485233
36.5253847
