11.0706361
10.8850394
10.9089548
10.8018629
11.0569079
10.7368238
10.6012631
10.6222788
10.8221061
10.9134957
10.9283025
10.8202975
10.7510437
10.6024509
10.4727506
10.9489743
10.9220961
10.841949
10.8763777
10.7861301
10.6522092
10.6968257
10.8972236
10.5781978
10.8362329
10.7439266
10.7567737
10.7830124
10.7720202
10.6734967
10.8928438
11.2822035
11.6728199
12.301228
13.1472654
11.367603
11.5663205
12.0321443
12.8881894
13.7167551
11.4871885
11.879266
12.370873
13.0805247
14.4013664
11.1614244
11.2301863
11.7415511
12.0464729
12.8955582
11.4144494
11.9376818
12.2426102
13.1047097
13.6198455
11.671079
12.0476717
12.8315319
13.5321995
14.9850458
15.791808
15.3216715
16.3534074
16.4451018
17.2876982
17.4211256
18.512105
18.4850072
20.5699892
20.514132
15.8989716
16.0107364
17.0706945
17.11026
18.3195425
18.4518854
19.3556442
19.3316902
21.9367594
21.888448
17.3999912
17.3488791
19.181437
18.6180682
19.6379504
19.797777
21.0573689
21.1113106
23.4890422
23.6466326
