1.3937724
1.2501604
1.6729858
1.4732467
1.71359
1.6607174
1.4159163
1.3942335
1.7283219
1.5663895
1.6938817
1.7343028
1.6273058
1.580418
1.7655599
1.6870851
1.868765
1.7654658
1.726303
1.7579707
1.7888831
1.8253343
1.9348303
1.8596062
1.9840443
1.790658
2.1398356
1.8946126
2.0490038
2.095509
2.1473145
3.0400561
3.9633749
5.3786881
7.0019585
2.7707524
4.0239283
5.3208427
7.4838135
9.5669671
2.96738
4.2457197
5.9200253
7.9423947
12.1374693
2.240556
2.9362264
3.9396526
5.1339791
6.7848823
2.7381049
3.9462014
5.517605
7.4321063
9.4857003
3.234345
4.9621017
6.8377386
9.329071
11.9748185
14.8501789
14.8732879
18.4815583
17.6257676
20.7577585
19.0571602
23.9735354
22.5965548
29.0296972
28.3209898
16.2468857
16.2113465
19.3004056
19.1138506
22.9713556
22.8486345
26.0804692
24.7855487
31.856893
30.9280436
20.3249773
18.676771
23.1701523
22.9771588
27.1650606
25.9990473
30.5585254
30.1640293
37.2508967
36.7245978
