7 0.0029123
8 0.0067696
9 0.0039453
10 0.0130445
11 0.006228
12 0.0133155
13 0.0027147
14 0.0089954
15 0.0043023
16 0.0129401
17 0.007001
18 0.0179051
19 0.0035642
20 0.0099313
21 0.0057736
22 0.0191144
23 0.0083616
24 0.0182107
25 0.0042226
26 0.0081227
27 0.0069771
28 0.014688
29 0.0074335
30 0.021112
1 0.002257
2 0.0058203
3 0.0037225
4 0.0088601
5 0.0052714
6 0.0117949
31 0.0376968
32 0.0539043
33 0.0787812
34 0.0939186
35 0.0480588
36 0.0610806
37 0.0900771
38 0.1349531
39 0.2132391
40 0.2779144
41 0.0638437
42 0.103113
43 0.1555114
44 0.2405302
45 0.4024254
46 0.3618761
47 0.5895009
48 0.7855548
49 1.1655526
50 1.5720583
51 0.6214012
52 0.9560237
53 1.3096982
54 1.8478813
55 2.7749954
56 0.963653
57 1.4352956
58 2.0623404
59 3.8318193
60 3.5510757
61 18.9806457
62 54.9851524
63 22.4674231
64 49.5682505
65 26.491641
66 66.5657977
67 22.7887033
68 72.9727973
69 21.9575607
70 77.548099
71 21.1276495
72 56.863631
73 26.3567387
74 66.1228532
75 29.8615545
76 79.8213583
77 32.4094773
78 93.1235378
79 40.8378362
80 87.6021388
81 31.6858
82 78.3945732
83 37.5121247
84 97.5386726
85 43.7063453
86 111.3880195
87 43.8880934
88 123.0163465
89 61.677896
90 132.8841971
91 169.61666
92 195.098819901
93 189.906914799
94 176.94409
95 174.293304501
96 177.0400871
