1.3881469
1.2548866
1.6425325
1.4026991
1.5739721
1.6589894
1.398116
1.4299536
1.7672921
1.4986833
1.7212997
1.7605467
1.6387225
1.5512614
1.7969265
1.6866148
1.7405786
1.7335427
1.7230202
1.782632
1.8036121
1.7970807
1.9415269
1.8738174
1.9111328
1.7768183
2.0246565
1.9125017
2.0625038
2.1473236
2.1182359
3.02436
4.0196339
5.4040256
6.9691609
2.749583
4.0087378
5.3086944
7.4268092
9.3007526
2.9674734
4.2011976
5.9426898
8.100211
12.0204016
2.2190916
2.9758579
4.0243989
5.1409425
6.7469786
2.7291373
3.7976873
5.383303
7.2861139
9.1397387
3.1900616
4.7624303
6.6270786
9.0636383
11.7850821
14.2249826
14.44131
17.8837389
16.797085
20.5883449
18.9978908
23.174269
21.4438877
28.4665743
27.1794256
16.0837376
16.0621148
19.0871394
18.9128459
22.0617809
22.1899172
24.9860554
24.2034032
30.9568989
30.7867016
20.3838781
19.0523677
23.4467154
23.1093881
27.1118565
26.0895881
30.313588
29.9869637
37.2442871
36.6295193
