1.3455016
1.3019752
1.5794243
1.4210053
1.6530542
1.671912
1.4079048
1.3894685
1.7922871
1.5447663
1.6998148
1.698037
1.6235885
1.6528218
1.7612624
1.6655206
1.8245467
1.7836922
1.7422375
1.7436186
1.8091055
1.761663
1.9380425
1.8275328
1.9481487
1.7809023
1.9769919
1.9241645
2.058927
2.1000616
2.1295162
2.9746752
3.939414
5.3827445
7.0004379
2.6575596
3.9618173
5.3349549
7.3190482
9.4559462
2.9905068
4.1758426
5.8195545
8.0391316
11.9735861
2.1971447
2.961719
3.9988742
5.1560486
6.6781307
2.8033579
3.804327
5.3594207
7.2854319
9.2298823
3.207286
4.8844264
6.7054036
9.0965587
11.7129508
14.3362343
14.4566727
17.7931388
17.0536927
20.9679294
19.0493289
23.3193266
21.7536603
28.8979526
27.3382821
16.1682503
16.3858332
19.2382344
18.9986993
22.350818
22.4713721
25.5641234
24.8878066
31.3711992
31.5176039
20.2236298
19.0212396
23.6810301
23.313368
27.2524703
26.5592108
30.8686853
30.1957609
37.7916059
38.134261
