1 0.0016317
2 0.0041995
3 0.0023051
4 0.0052934
5 0.0034027
6 0.0068796
7 0.0024779
8 0.0053595
9 0.0030438
10 0.0080937
11 0.0043066
12 0.0083098
13 0.0025862
14 0.0071477
15 0.0049544
16 0.0089669
17 0.0046985
18 0.0118541
19 0.0034217
20 0.009149
21 0.0056759
22 0.0146668
23 0.0063534
24 0.0129824
25 0.0046482
26 0.007522
27 0.0061976
28 0.0114967
29 0.0066614
30 0.0173598
31 0.0224347
32 0.0349857
33 0.0486486
34 0.0728879
35 0.04407
36 0.0273159
37 0.0447699
38 0.0647753
39 0.0834093
40 0.1387521
41 0.0291356
42 0.0431895
43 0.0668251
44 0.096431
45 0.1604931
46 0.1639064
47 0.2487309
48 0.3521491
49 0.5333158
50 0.627593
51 0.2664782
52 0.342105
53 0.4461748
54 0.6037166
55 0.7708311
56 0.3253176
57 0.466212
58 0.5514782
59 0.7633555
60 0.9163897
61 6.2602231
62 12.93096
63 8.9840745
64 14.3675441
65 10.0127404
66 17.4926776
67 8.4078865
68 22.9123533
69 10.5716903
70 28.013872
71 6.4317865
72 11.4682366
73 8.4386386
74 13.939281
75 9.1150971
76 16.1477263
77 11.090917
78 24.7337994
79 16.7497268
80 22.8613692
81 8.1161171
82 14.1081942
83 10.2815751
84 17.6394383
85 11.0169768
86 20.4640395
87 12.5374977
88 26.1135755
89 17.1220528
90 33.488293
